#source: National Bureau of Statistics of China https://www.stats.gov.cn/english/
202404  50.4  2.44	51.2  -9.22
202403  50.8  -2.12 53.0  -8.93
202402  49.1  -6.65 51.4  -8.7
202401  49.2  -1.8  50.7  -6.8
202312  49.0  4.26  50.4  21.15
202311  49.4  2.92  50.2  7.49
202310  49.5  0.61  50.6  3.90
202309  50.2  0.20  51.7  2.17
202308  49.7  0.61  51.0  -3.04
202307  49.3  0.61   51.5  -4.28
202306  49.0  -2.39  53.2  -2.74
202305  48.8  -1.61  54.5  14.02
202304  49.2  3.80  56.4  34.61
202303  51.9  4.85  58.2  20.25
202302  52.6  4.78  56.3  9.11
202301  50.1  0.00  54.4  6.46
202212  47.0  -6.56  41.6  -21.06
202211  48.0  -4.19  46.7  -10.71
202210  49.2  0.00  48.7  -7.06
202209  50.1  1.01  50.6  -4.89
202208  49.4  -1.40  52.6  10.74
202207  49.0  -2.78  53.8  0.94
202206  50.2  -1.38  54.7  2.24
202205  49.6  -2.75  47.8  -13.41
202204  47.4  -7.24  41.9  -23.68
202203  49.5  -4.62  48.4  -14.03
202202  50.2  -0.79  51.6  0.39
202201  50.1  -2.34  51.1  -2.48
202112  50.3  -3.08  52.7  -5.39
202111  50.1  -3.84  52.3  -7.27
202110  49.2  -4.28  52.4  -6.76
202109  49.6  -3.69  53.2  -4.83
202108  50.1  -1.76  47.5  -13.95
202107  50.4  -1.37  53.3  -1.66
202106  50.9  0.00  53.5  -1.65
202105  51.0  0.79  55.2  2.99
202104  51.1  0.59  54.9  3.20
202103  51.9  -0.19  56.3  7.65
202102  50.6  41.74  51.4  73.65
202101  51.3  2.60  52.4  -3.14
202012  51.9  3.39  55.7  4.11
202011  52.1  3.78  56.4  3.68
202010  51.4  4.26  56.2  6.44
202009  51.5  3.41  55.9  4.10
202008  51.0  3.03  55.2  2.60
202007  51.1  2.82  54.2  0.93
202006  50.9  3.04  54.4  0.37
202005  50.6  2.43  53.6  -1.29
202004  50.8  1.40  53.2  -2.03
202003  52.0  2.97  52.3  -4.56
202002  35.7  -27.44  29.6  -45.49
202001  50.0  1.01  54.1  -1.10
201912  50.2  1.62  53.5  -0.56
201911  50.2  0.40  54.4  1.87
201910  49.3  -1.79  52.8  -2.04
201909  49.8  -1.97  53.7  -2.19
201908  49.5  -3.51  53.8  -0.74
201907  49.7  -2.93  53.7  -0.56
201906  49.4  -4.08  54.2  -1.45
201905  49.4  -4.82  54.3  -1.09
201904  50.1  -2.53  54.3  -0.91
201903  50.5  -1.94  54.8  0.37
201902  49.2  -2.19  54.3  -0.18
201901  49.5  -3.51  54.7  -1.08
201812  49.4  -4.26  53.8  -2.18
201811  50.0  -3.47  53.4  -2.55
201810  50.2  -2.71  53.9  -0.74
201809  50.8  -3.05  54.9  -0.90
201808  51.3  -0.77  54.2  1.50
201807  51.2  -0.39  54.0  -0.92
201806  51.5  -0.39  55.0  0.18
201805  51.9  1.37  54.9  0.73
201804  51.4  0.39  54.8  1.48
201803  51.5  -0.58  54.6  -0.91
201802  50.3  -2.52  54.4  0.37
201801  51.3  0.00  55.3  1.28
201712  51.6  0.39  55.0  0.92
201711  51.8  0.19  54.8  0.18
201710  51.6  0.78  54.3  0.56
201709  52.4  3.97  55.4  3.17
201708  51.7  2.58  53.4  -0.19
201707  51.4  3.01  54.5  1.11
201706  51.7  3.40  54.9  2.23
201705  51.2  2.20  54.5  2.64
201704  51.2  2.20  54.0  0.93
201703  51.8  3.19  55.1  2.42
201702  51.6  5.31  54.2  2.85
201701  51.3  3.85  54.6  2.06
201612  51.4  3.42  54.5  0.18
201611  51.7  4.23  54.7  2.05
201610  51.2  2.81  54.0  1.69
201609  50.4  1.20  53.7  0.56
201608  50.4  1.41  53.5  0.19
201607  49.9  -0.20  53.9  0.00
201606  50.0  -0.40  53.7  -0.19
201605  50.1  -0.20  53.1  -0.19
201604  50.1  0.00  53.5  0.19
201603  50.2  0.20  53.8  0.19
201602  49.0  -1.80  52.7  -2.23
201601  49.4  -0.80  53.5  -0.37
201512  49.7  -0.80  54.4  0.55
201511  49.6  -1.39  53.6  -0.56
201510  49.8  -1.97  53.1  -1.30
201509  49.8  -2.54  53.4  -1.11
201508  49.7  -2.74  53.4  -1.84
201507  50.0  -3.29  53.9  -0.55
201506  50.2  -1.57  53.8  -2.18
201505  50.2  -1.18  53.2  -4.14
201504  50.1  -0.60  53.4  -2.55
201503  50.1  -0.40  53.7  -1.47
201502  49.9  -0.60  53.9  -2.00
201501  49.8  -1.39  53.7  0.56
201412  50.1  -1.76  54.1  -0.92
201411  50.3  -2.14  53.9  -3.75
201410  50.8  -1.17  53.8  -4.44
201409  51.1  0.00  54.0  -2.53
201408  51.1  0.20  54.4  0.93
201407  51.7  2.78  54.2  0.18
201406  51.0  1.80  55.0  2.04
201405  50.8  0.00  55.5  2.21
201404  50.4  -0.40  54.8  0.55
201403  50.3  -1.18  54.5  -1.98
201402  50.2  0.20  55.0  0.92
201401  50.5  0.20  53.4  -4.98
201312  51.0  0.79  54.6  -2.67
201311  51.4  1.58  56.0  0.72
201310  51.4  2.39  56.3  1.44
201309  51.1  2.61  55.4  3.17
201308  51.0  3.66  53.9  -4.26
201307  50.3  0.40  54.1  -2.70
201306  50.1  -0.20  53.9  -4.94
201305  50.8  0.79  54.3  -1.63
201304  50.6  -5.07  54.5  -2.85
201303  50.9  -4.14  55.6  -4.14
201302  50.1  -1.76  54.5  -4.89
201301  50.4  -0.20  56.2  0.90
201212  50.6  0.60  56.1  -0.36
201211  50.6  3.27  55.6  -0.54
201210  50.2  -0.40  55.5  0.00
201209  49.8  -2.73  53.7  -3.76
201208  49.2  -3.34  56.3  -1.40
201207  50.1  -1.18  55.6  -2.97
201206  50.2  -1.38  56.7  0.18
201205  50.4  -3.08  55.2  -5.96
201204  53.3  0.76  56.1  -3.61
201203  53.1  -0.56  58.0  -2.03
201202  51.0  -2.30  57.3  0.53
201201  50.5  -4.54  55.7  -2.62
201112  50.3  -6.68  56.3  -4.25
201111  49.0  -11.23  55.9  -5.09
201110  50.4  -7.86  55.5  -3.31
201109  51.2  -4.83  55.8  -3.63
201108  50.9  -1.55  57.1  -1.55
201107  50.7  -0.98  57.3  0.35
201106  50.9  -2.30  56.6  -3.74
201105  52.0  -3.53  58.7  1.03
201104  52.9  -5.03  58.2  0.69
201103  53.4  -3.09  59.2  3.32
201102  52.2  0.38  57.0  0.00
201101  52.9  -5.20  57.2  -1.55
201012  53.9  -4.77  58.8  0.00
201011  55.2  0.00  58.9  0.86
201010  54.7  -0.91  57.4  -3.53
201009  53.8  -0.92  57.9  0.00
201008  51.7  -4.26  58.0  1.22
201007  51.2  -3.94  57.1  -0.35
201006  52.1  -2.07  58.8  6.14
201005  53.9  1.51  58.1  5.83
201004  55.7  4.11  57.8  8.04
201003  55.1  5.15  57.3  5.33
201002  52.0  6.12  57.0  3.45
201001  55.8  23.18  58.1  8.19
200912  56.6  37.38  58.8  15.75
200911  55.2  42.27  58.4  14.06
200910  55.2  23.77  59.5  12.05
200909  54.3  6.05  57.9  5.27
200908  54.0  11.57  57.3  8.32
200907  53.3  10.12  57.3  2.87
200906  53.2  2.31  55.4  -3.48
200905  53.1  -0.38  54.9  -4.36
200904  53.5  -9.63  53.5  -8.39
200903  52.4  -10.27  54.4  -7.64
200902  49.0  -8.24  55.1  -7.08
200901  45.3  -14.53  53.7  -10.80
200812  41.2  -25.50  50.8  -15.61
200811  38.8  -29.96  51.2  -15.51
200810  44.6  -16.17  53.1  -13.52
200809  51.2  -8.73  55.0  -11.15
200808  48.4  -10.37  52.9  -14.26
200807  48.4  -9.19  55.7  -6.23
200806  52.0  -4.59  57.4  -4.33
200805  53.3  -4.31  57.4  -7.72
200804  59.2  1.02  58.4  -3.31
200803  58.4  4.10  58.9  1.20
200802  53.4  0.56  59.3  -2.15
200801  53.0  -3.81  60.2  -0.33
