#source: National Bureau of Statistics of China https://www.stats.gov.cn/english/
202311  50.4  50.7
202310  50.7  52.0
202309  52.0  51.3
202308  51.3  51.1
202307  51.1  52.3
202306  52.3  52.9
202305  52.9  54.4
202304  54.4  57.0
202303  57.0  56.4
202302  56.4  52.9
202301  52.9  42.6
202212  42.6  47.1
202211  47.1  49.0
202210  49.0  50.9
202209  50.9  51.7
202208  51.7  52.5
202207  52.5  54.1
202206  54.1  48.4
202205  48.4  42.7
202204  42.7  48.8
202203  48.8  51.2
202202  51.2  50.1
202201  50.1  51.0
202112  51.0  52.2
202111  52.2  50.8
202110  50.8  51.7
202109  51.7  48.9
202108  48.9  52.4
202107  52.4  52.9
202106  52.9  54.2
202105  54.2  53.8
202104  53.8  55.3
202103  55.3  51.6
202102  51.6  52.8
202101  52.8  55.1
202012  55.1  55.7
202011  55.7  55.3
202010  55.3  55.1
202009  55.1  54.5
202008  55.1  54.5
202007  54.5  54.2
202006  54.2  53.4
202005  53.4  53.4
202004  53.4  53.0
202003  53.0  28.9
202002  28.9  53.0
202001  53.0  53.4
201912  53.4  53.7
201911  53.7  52.0
201910  52.0  53.1
201909  53.1  53.0
201908  53.0  53.1
201907  53.1  53.0
