#source: National Bureau of Statistics of China https://www.stats.gov.cn/english/
#Month  Current YoY  Cummulative
202501  97.7  -2.30  97.7
202412  97.7  -2.30  97.8
202411  97.5  -2.50  97.9
202410  97.1  -2.90  97.89
202409  97.2  -2.80  98
202408  98.2  -1.80  98.1
202407  99.2  -0.80  98
202406  99.2  -0.80  97.9
202405  98.6  -1.40  97.6
202404  97.5  -2.50  97.3
202403  97.2  -2.80  97.3
202402  97.3  -2.70  97.4 
202401  97.5  -2.50  97.5
202312  97.3  -2.70  97
202311  97.0  -3.00  96.9
202310  97.4  -2.60  96.9
202309  97.5  -2.50  96.9
202308  97.0  -3.00  96.8
202307  95.6  -4.40  96.8
202306	94.6  -5.40	 96.9
202305  95.4  -4.60  97.4
202304  96.4  -3.60  97.9
202303  97.5  -2.50  98.4
202302  98.6  -1.40  98.9
202301  99.2  -0.80  99.2
202212  99.3  -0.70  104.1
202211  98.7  -1.30  104.6
202210  98.7  -1.30  105.2
202209  100.95  0.90  105.94
202208  102.3  2.30  106.6
202207  104.2  4.20  107.2
202206  106.1  6.10  107.7
202205  106.4  6.40  108.1
202204  108  8.00  108.5
202203  108.3  8.30  108.7
202202  108.8  8.80  108.9
202201  109.1  9.10  109.1
202112  110.3  10.30  108.1
202111  112.9  12.90  107.9
202110  113.5  13.50  107.3
202109  110.7  10.70  106.7
202108  109.5  9.50  106.2
202107  109  9.00  105.7
202106  108.8  8.80  105.1
202105  109  9.00  104.4
202104  106.8  6.80  103.3
202103  104.4  4.40  102.1
202102  101.7  1.70  101
202101  100.3  0.30  100.3
202012  99.6  -0.40  98.2
202011  98.5  -1.50  98
202010  97.9  -2.10  98
202009  97.9  -2.10  98
202008  98  -2.00  98
202007  97.6  -2.40  98
202006  97  -3.00  98.1
202005  96.3  -3.70  98.3
202004  96.9  -3.10  98.8
202003  98.5  -1.50  99.4
202002  99.6  -0.40  99.8
202001  100.1  0.10  100.1
201912  99.5  -0.50  99.7
201911  98.6  -1.40  99.7
201910  98.4  -1.60  99.8
201909  98.8  -1.20  100
201908  99.2  -0.80  100.1
201907  99.7  -0.30  100.2
201906  100  0.00  100.3
201905  100.6  0.60  100.4
201904  100.9  0.90  100.3
201903  100.4  0.40  100.2
201902  100.1  0.10  100.1
201901  100.1  0.10  100.1
201812  100.9  0.90  103.5
201811  102.7  2.70  103.8
201810  103.3  3.30  103.9
201809  103.6  3.60  104
201808  104.1  4.10  104
201807  104.6  4.60  104
201806  104.7  4.70  103.9
201805  104.1  4.10  103.7
201804  103.4  3.40  103.6
201803  103.1  3.10  103.7
201802  103.7  3.70  104
201801  104.3  4.30  104.3
201712  104.9  4.90  106.3
201711  105.8  5.80  106.4
201710  106.9  6.90  106.5
201709  106.9  6.90  106.5
201708  106.4  6.30  106.4
201707  105.5  5.50  106.4
201706  105.5  5.50  106.6
201705  105.5  5.50  106.8
201704  106.4  6.40  107.2
201703  107.6  7.60  107.4
201702  107.8  7.80  107.3
201701  106.9  6.90  106.9
201612  105.5  5.50  98.6
201611  103.3  3.30  98
201610  101.2  1.20  97.5
201609  100.1  0.10  97.1
201608  99.2  -0.80  96.8
201607  98.3  -1.70  96.4
201606  97.4  -2.60  96.1
201605  97.2  -2.80  95.9
201604  96.62  -3.40  95.53
201603  95.68  -4.30  95.16
201602  95.1  -4.90  94.9
201601  94.7  -5.30  94.72
201512  94.1  -5.90  94.8
201511  94.1  -5.90  94.8
201510  94.1  -5.90  94.9
201509  94.06  -5.94  95.01
201508  94.08  -5.92  95.13
201507  94.63  -5.37  95.28
201506  95.19  -4.81  95.39
201505  95.39  -4.61  95.43
201504  95.43  -4.57  95.44
201503  95.44  -4.56  95.44
201502  95.2  -4.80  95.44
201501  95.68  -4.32  95.68
201412  96.68  -3.32  98.11
201411  97.31  -2.69  98.24
201410  97.76  -2.24  98.33
201409  98.2  -1.80  98.4
201408  98.8  -1.20  98.42
201407  99.13  -0.87  98.37
201406  98.89  -1.11  98.24
201405  98.55  -1.45  98.12
201404  98  -2.00  98.01
201403  97.7  -2.30  98.01
201402  97.98  -2.02  98.17
201401  98.36  -1.64  98.36
201312  98.64  -1.36  98.09
201311  98.58  -1.42  98.04
201310  98.49  -1.51  97.99
201309  98.66  -1.34  97.93
201308  98.38  -1.62  97.84
201307  97.73  -2.27  97.77
201306  97.3  -2.70  97.77
201305  97.13  -2.87  97.87
201304  97.38  -2.62  98.05
201303  98.08  -1.92  98.27
201302  98.37  -1.63  98.37
201301  98.36  -1.64  98.36
201212  98.06  -1.94  98.28
201211  97.8  -2.20  98.3
201210  97.24  -2.76  98.35
201209  96.45  -3.55  98.47
201208  96.52  -3.48  98.73
201207  97.13  -2.87  99.05
201206  97.92  -2.08  99.37
201205  98.6  -1.40  99.66
201204  99.3  -0.70  99.93
201203  99.68  -0.32  100.15
201202  100.03  0.03  100.38
201201  100.73  0.73  100.73
201112  101.69  1.69  106.03
201111  102.72  2.72  106.44
201110  105  5.00  106.82
201109  106.52  6.52  107.02
201108  107.25  7.25  107.09
201107  107.54  7.54  107.06
201106  107.12  7.12  106.98
201105  106.79  6.79  106.96
201104  106.82  6.82  107
201103  107.31  7.31  107.06
201102  107.23  7.23  106.94
201101  106.64  6.64  106.64
201012  105.93  5.93  105.54
201011  106.06  6.06  105.51
201010  105.04  5.04  105.45
201009  104.33  4.33  105.5
201008  104.32  4.32  105.64
201007  104.84  4.84  105.83
201006  106.41  6.41  106
201005  107.13  7.13  105.9
201004  106.81  6.81  105.61
201003  105.91  5.91  105.21
201002  105.39  5.39  104.86
201001  104.32  4.32  104.32
200912  101.7  1.70  94.61
200911  97.92  -2.08  93.96
200910  94.15  -5.85  93.57
200909  93.01  -6.99  93.5
200908  92.14  -7.86  93.56
200907  91.78  -8.22  93.76
200906  92.2  -7.80  94.1
200905  92.8  -7.20  94.48
200904  93.4  -6.60  94.9
200903  94.01  -5.99  95.4
200902  95.53  -4.47  96.1
200901  96.65  -3.35  96.65
200812  98.86  -1.14  106.87
200811  101.99  1.99  107.6
200810  106.59  6.59  108.16
200809  109.13  9.13  108.34
200808  110.06  10.06  108.2
200807  110.03  10.03  108
200806  108.84  8.84  107.6
200805  108.22  8.22  107.4
200804  108.12  8.12  107.2
200803  107.95  7.95  106.9
200802  106.62  6.62  106.4
200801  106.07  6.07  106.07
