#source: Eurostat https://ec.europa.eu/eurostat/
#Month  actual forecast
202312  -10.6  -10.5
202311  -8.8   -8.7
202310  -9.4   -9.5
202309  -12.4  -12.5
202308  -11.5  -11.6
202307  -7.6   -7.6
202306  -3.4   -1.6
202305  -1.5   -1.3
202304  1.0    1.4
202303  5.9    5.9
202302  13.2   13.3
202301  15.0   17.7
202312  24.6   22.5
202311  27.1   27.5
202210  30.8   31.5
202209  41.9   42.0
202208  43.3   43.1
202207  37.9   35.8
202206  35.8   35.7
202205  36.3   36.7
202204  37.2   38.5
202203  36.8   36.3
202202  31.4   31.5
202201  30.6   26.9
202212  26.2   26.1
202211  23.7   22.9
202110  21.9   19.0
202109  16.0   15.2
202108  13.4   13.5
202107  12.1   11.0
202106  10.2   10.3
202105  9.6    9.5
202104  7.6    7.3
202103  4.3    4.2
202102  1.5    1.4
202101  0.0    -0.4
202112  -1.1   -1.2
202111  -1.9   -2.2
202010  -2.0   -2.4
202009  -2.4   -2.4
202008  -2.5   -2.7
202007  -3.3   -3.4
202006  -3.7   -3.9
202005  -5.0   -4.8
202004  -4.5   -4.0
202003  -2.8   -2.6
202002  -1.3   -0.7
202001  -0.5   -0.5
202012  -0.7   -0.7
202011  -1.4   -1.5
201910  -1.9   -1.9
201909  -1.2   -1.2
201908  -0.8   -0.5
201907  0.2    0.2
201906  0.7    0.8
201905  1.6    1.7
201904  2.6    3.2
201903  2.9    3.0
201902  3.0    3.1
201901  3.0    2.9
201912  3.0    3.2
201911  4.0    4.1
201810  4.9    4.5
201809  4.5    4.2
201808  4.2    3.9
201807  4.0    3.9
201806  3.6    3.5
201805  3.0    2.4
201804  2.0    2.4
201803  2.1    2.1
201802  1.6    1.5
201801  1.5    1.6
201812  2.2    2.3
201811  2.8    2.5
201710  2.5    2.6
201709  2.9    2.8
201708  2.5    2.3
201707  2.0    2.2
201706  2.5    2.4
201705  3.3    3.5
201704  4.3    4.5
201703  3.9    4.1
201702  4.5    4.3
201701  3.5    3.2
201712  1.6    1.3
201711  0.1    -0.1
201610  -0.4   -1.0
201609  -1.5   -1.8
201608  -2.1   -2.1
201607  -2.8   -2.9
201606  -3.1   -3.5
201605  -3.9   -4.1
201604  -4.4   -4.1
201603  -4.2   -4.3
201602  -4.2   -4.0
201601  -2.9   -2.9
201612  -3.0   -2.8
201612  -3.2   -3.1
201510  -3.1   -3.2
201509  -3.1   -3.3
201508  -2.6   -2.4
201507  -2.1   -2.1
201506  -2.2   -2.2
201505  -2.0   -2.0
201504  -2.2   -2.0
201503  -2.3   -2.3
201502  -2.8   -3.0
201501  -3.4   -3.0
201512  -2.7   -2.5
201511  -1.6   -1.4
201410  -1.3   -1.3
201409  -1.4   -1.5
201408  -1.4   -1.2
