#source: Eurostat https://ec.europa.eu/eurostat
#Month  Actual Forecast Previous+Adjusted
202504  2.2  2.1  2.2
202503  2.2  2.2  2.3
202502  2.4  2.3  2.5
202501  2.5  2.4  2.4
202412  2.4  2.4  2.2
202411  2.3  2.3  2.0
202410  2.0  1.9  1.7
202409  1.8  1.8  2.2
202408  2.2  2.2  2.6
202407  2.6  2.5  2.5
202406  2.5  2.5  2.6
202405  2.6  2.5  2.4
202404  2.4  2.4  2.4
202403  2.4  2.5  2.6
202402  2.6  2.5  2.8
202401  2.8  2.7  2.9
202312  2.9  3.0  2.4
202311  2.4  2.7  2.9
202310  2.9  3.1  4.3
202309  4.3  4.5  5.2
202308  5.3  5.1  5.3
202307  5.3  5.3  5.5
202306  5.5  5.6  6.1
202305  6.1  6.3  7.0
202304  7.0  7.0  6.9
202303  6.9  7.1  8.5
202302  8.5  8.2  8.6
202301  8.5  9.0  9.2
202212  9.2  9.7  10.1
202211  10.0  10.4  10.6
202210  10.7  10.2  9.9
202209  10.0  9.7  9.1
202208  9.1  9.0  8.9
202207  8.9  8.6  8.6
202206  8.6  8.4  8.1
202205  8.1  7.7  7.4
202204  7.5  7.5  7.4
202203  7.5  6.6  5.9
202202  5.8  5.3  5.1
202201  5.1  4.4  5.0
202112  5.0  4.7  4.9
202111  4.9  4.5  4.1
202110  4.1  3.7  3.4
202109  3.4  3.3  3.0
202108  3.0  2.7  2.2
202107  2.2  2.0  1.9
202106  1.9  1.9  2.0
202105  2.0  1.9  1.6
202104  1.6  1.6  1.3
202103  1.3  1.3  0.9
202102  0.9  0.9  0.9
202101  0.9  0.5  -0.3
202012  -0.3  -0.2  -0.3
202011  -0.3  -0.2  -0.3
202010  -0.3  -0.3  -0.3
202009  -0.3  -0.2  -0.2
202008  -0.2  0.2  0.4
202007  0.4  0.2  0.3
202006  0.3  0.1  0.1
202005  0.1  0.1  0.3
202004  0.4  0.1  0.7
202003  0.7  0.8  1.2
202002  1.2  1.2  1.4
202001  1.4  1.4  1.3
201912  1.3  1.3  1.0
201911  1.0  0.9  0.7
201910  0.7  0.7  0.8
201909  0.9  1.0  1.0
201908  1.0  1.0  1.0
201907  1.1  1.1  1.3
201906  1.2  1.2  1.2
201905  1.2  1.3  1.7
201904  1.7  1.6  1.4
201903  1.4  1.5  1.5
201902  1.5  1.5  1.4
201901  1.4  1.4  1.5
201812  1.6  1.6  1.9
201811  1.9  2.0  2.0
201810  2.2  2.2  2.1
201809  2.1  2.1  2.1
201808  2.0  2.0  2.0
201807  2.1  2.1  2.1
201806  2.0  2.0  2.0
201805  1.9  1.9  1.9
201804  1.2  1.2  1.2
201803  1.3  1.4  1.4
201802  1.1  1.2  1.2
201801  1.3  1.3  1.3
201712  1.4  1.4  1.4
201711  1.5  1.5  1.5
201710  1.4  1.4  1.4
201709  1.5  1.5  1.5
201708  1.5  1.5  1.5
201707  1.3  1.3  1.3
201706  1.3  1.3  1.3
201705  1.4  1.4  1.4
201704  1.9  1.9  1.9
201703  1.5  1.5  1.5
201702  2.0  2.0  2.0
201701  1.8  1.8  1.8
201612  1.1  1.1  1.1
201611  0.6  0.6  0.6
201610  0.5  0.5  0.5
201609  0.4  0.4  0.4
201608  0.2  0.2  0.2
201607  0.2  0.2  0.2
201606  0.1  0.1  0.1
201605  -0.1  -0.1  -0.1
201604  -0.2  -0.2  -0.2
201603  0.0  -0.1  -0.1
201602  -0.2  -0.2  -0.2
201601  0.3  0.4  0.4
201512  0.2  0.2  0.2
201511  0.2  0.1  0.1
201510  0.1  0.0  0.0
201509  -0.1  -0.1  -0.1
201508  0.1  0.2  0.2
201507  0.2  0.2  0.2
201506  0.2  0.2  0.2
201505  0.3  0.3  0.3
201504  0.0  0.0  0.0
201503  -0.1  -0.1  -0.1
201502  -0.3  -0.3  -0.3
201501  -0.6  -0.6  -0.6
201412  -0.2  -0.2  -0.2
201411  0.3  0.3  0.3
201410  0.4  0.4  0.4
201409  0.3  0.3  0.3
